2.999889	-0.002373
2.999881	-0.002034
2.99987	-0.000409
2.999856	0.003218
2.999829	0.009209
2.999788	0.017588
2.99972	0.028094
2.999623	0.04039
2.999488	0.054121
2.999312	0.06898
2.99909	0.08475
2.998816	0.101258
2.99849	0.118365
2.998108	0.135954
2.997666	0.153931
2.997164	0.172219
2.996599	0.190753
2.995969	0.209478
2.995274	0.228345
2.994513	0.247306
2.993683	0.266331
2.992786	0.285388
2.99182	0.304446
2.990786	0.323484
2.989683	0.342494
2.988511	0.361463
2.987269	0.380385
2.985957	0.399258
2.984576	0.418078
2.983124	0.436844
2.9816	0.455557
2.980004	0.474219
2.978336	0.492839
2.976593	0.511416
2.974774	0.529955
2.972877	0.548459
2.970902	0.566932
2.968845	0.585378
2.966704	0.603801
2.964478	0.622202
2.962161	0.640582
2.959752	0.658945
2.957247	0.677293
2.954641	0.695626
2.95193	0.713943
2.94911	0.732248
2.946175	0.75054
2.943122	0.768822
2.939943	0.787091
2.936636	0.805347
2.933194	0.82359
2.929614	0.841819
2.925891	0.860032
2.922022	0.87823
2.918	0.89641
2.913821	0.914571
2.909481	0.932712
2.904976	0.950831
2.9003	0.968927
2.895449	0.986998
2.89042	1.005043
2.885208	1.02306
2.87981	1.041044
2.874223	1.058997
2.868444	1.076914
2.862471	1.094794
2.856302	1.112634
2.849936	1.130432
2.843372	1.148185
2.836609	1.16589
2.829648	1.183547
2.822489	1.201151
2.815134	1.218701
2.807582	1.236193
2.799837	1.253626
2.791901	1.270998
2.783775	1.288305
2.775462	1.305548
2.766965	1.322721
2.758289	1.339826
2.749436	1.356858
2.740409	1.373818
2.731214	1.390704
2.721855	1.407514
2.712333	1.424249
2.702657	1.440905
2.692829	1.457483
2.682853	1.473981
2.672734	1.490402
2.662479	1.506741
2.652089	1.523002
2.641571	1.539183
2.630928	1.555285
2.620164	1.571306
2.609284	1.58725
2.598292	1.603116
2.587191	1.618906
2.575984	1.634619
2.564676	1.650258
2.553267	1.665823
2.541763	1.681316
2.530164	1.696736
2.518473	1.712087
2.506693	1.727368
2.494822	1.742583
2.482865	1.757729
2.470822	1.772811
2.458692	1.787828
2.446478	1.802782
2.434178	1.817672
2.421793	1.832502
2.409324	1.847268
2.396768	1.861976
2.384127	1.876622
2.371397	1.891208
2.358581	1.905734
2.345676	1.920199
2.332681	1.934604
2.319596	1.948947
2.306418	1.96323
2.293148	1.97745
2.279783	1.991608
2.266323	2.005701
2.252766	2.019731
2.239111	2.033693
2.225358	2.047589
2.211503	2.061417
2.197549	2.075173
2.183493	2.088859
2.169335	2.10247
2.155073	2.116008
2.140709	2.129467
2.12624	2.142849
2.111667	2.156151
2.096991	2.16937
2.082209	2.182506
2.067325	2.195556
2.052335	2.20852
2.037244	2.221393
2.022047	2.234176
2.006749	2.246866
1.991347	2.259461
1.975846	2.271962
1.960242	2.284364
1.944541	2.296668
1.928739	2.308871
1.912841	2.320972
1.896846	2.332972
1.880756	2.344866
1.864571	2.356655
1.848295	2.368338
1.831926	2.379912
1.815468	2.391379
1.798921	2.402736
1.782288	2.413982
1.765568	2.425119
1.748764	2.436143
1.731877	2.447054
1.714909	2.457853
1.697861	2.468538
1.680734	2.479108
1.66353	2.489566
1.646249	2.499907
1.628895	2.510133
1.611466	2.520244
1.593966	2.530237
1.576393	2.540114
1.558751	2.549876
1.54104	2.559519
1.52326	2.569044
1.505415	2.578453
1.487502	2.587744
1.469525	2.596916
1.451483	2.60597
1.433377	2.614906
1.415209	2.623722
1.396979	2.632418
1.378688	2.640995
1.360336	2.649452
1.341925	2.657787
1.323455	2.666002
1.304925	2.674096
1.286339	2.682068
1.267694	2.689917
1.248992	2.697643
1.230235	2.705247
1.211421	2.712727
1.192553	2.720081
1.17363	2.72731
1.154653	2.734415
1.135623	2.741393
1.116539	2.748244
1.097404	2.754966
1.078217	2.761561
1.058979	2.768028
1.039691	2.774364
1.020352	2.780569
1.000965	2.786643
0.98153	2.792585
0.962047	2.798396
0.942518	2.804073
0.922942	2.809615
0.903322	2.815022
0.883657	2.820295
0.863949	2.825431
0.844198	2.830432
0.824406	2.835295
0.804572	2.840019
0.784699	2.844605
0.764786	2.849053
0.744837	2.853361
0.724851	2.857529
0.704828	2.861558
0.684772	2.865445
0.664682	2.86919
0.644559	2.872794
0.624406	2.876256
0.604222	2.879575
0.584009	2.882752
0.563768	2.885786
0.5435	2.888677
0.523206	2.891424
0.502889	2.894028
0.482547	2.896487
0.462183	2.898802
0.441798	2.900973
0.421392	2.902999
0.400968	2.90488
0.380527	2.906616
0.360068	2.908207
0.339594	2.909654
0.319106	2.910956
0.298604	2.912112
0.278091	2.913124
0.257567	2.91399
0.237032	2.914711
0.216489	2.915288
0.195938	2.915719
0.175381	2.916004
0.154818	2.916144
0.134251	2.916138
0.113679	2.915986
0.093107	2.915687
0.072532	2.915242
0.051956	2.91465
0.031382	2.913912
0.010809	2.913026
-0.009763	2.911993
-0.030329	2.910813
-0.050891	2.909486
-0.071448	2.908011
-0.091997	2.90639
-0.112538	2.904621
-0.133071	2.902705
-0.153593	2.900641
-0.174106	2.898429
-0.194606	2.89607
-0.215092	2.893564
-0.235566	2.890909
-0.256024	2.888106
-0.276465	2.885156
-0.29689	2.882057
-0.317295	2.878811
-0.337681	2.875416
-0.358047	2.871872
-0.378391	2.86818
-0.398712	2.864338
-0.41901	2.860348
-0.439282	2.85621
-0.459528	2.851923
-0.479747	2.847488
-0.499937	2.842905
-0.520098	2.838173
-0.54023	2.833293
-0.560328	2.828265
-0.580395	2.823088
-0.600428	2.817763
-0.620426	2.81229
-0.640389	2.806669
-0.660314	2.8009
-0.680201	2.794982
-0.700051	2.788916
-0.719858	2.782702
-0.739624	2.776341
-0.759348	2.769832
-0.779027	2.763177
-0.798661	2.756374
-0.818248	2.749425
-0.837786	2.74233
-0.857276	2.735089
-0.876714	2.727703
-0.896101	2.720172
-0.915436	2.712495
-0.934717	2.704674
-0.953944	2.696708
-0.973116	2.688597
-0.992231	2.680343
-1.011289	2.671944
-1.030287	2.663402
-1.049227	2.654717
-1.068106	2.645889
-1.086922	2.636919
-1.105676	2.627806
-1.124365	2.618552
-1.142989	2.609156
-1.161546	2.59962
-1.180035	2.589942
-1.198456	2.580124
-1.216807	2.570166
-1.235088	2.560068
-1.253296	2.549831
-1.271431	2.539456
-1.289492	2.528942
-1.307478	2.518289
-1.325388	2.5075
-1.343219	2.496573
-1.360973	2.485509
-1.378646	2.47431
-1.396238	2.462974
-1.413749	2.451503
-1.431176	2.439898
-1.448519	2.428158
-1.465777	2.416284
-1.482948	2.404277
-1.500032	2.392138
-1.517027	2.379866
-1.533932	2.367463
-1.550748	2.354928
-1.56747	2.342264
-1.584101	2.329468
-1.600637	2.316544
-1.617078	2.30349
-1.633422	2.290309
-1.64967	2.276999
-1.665818	2.263563
-1.681868	2.25
-1.697816	2.23631
-1.713663	2.222496
-1.729406	2.208556
-1.745046	2.194494
-1.76058	2.180306
-1.776009	2.165997
-1.79133	2.151565
-1.806544	2.137013
-1.821648	2.122339
-1.836642	2.107546
-1.851524	2.092633
-1.866295	2.077602
-1.880952	2.062454
-1.895495	2.047188
-1.909922	2.031806
-1.924234	2.016308
-1.938427	2.000696
-1.952502	1.984969
-1.966458	1.969129
-1.980294	1.953176
-1.994009	1.937112
-2.0076	1.920937
-2.02107	1.904652
-2.034415	1.888258
-2.047635	1.871756
-2.060728	1.855147
-2.073695	1.838431
-2.086534	1.82161
-2.099243	1.804684
-2.111823	1.787654
-2.124271	1.770521
-2.136587	1.753287
-2.148772	1.73595
-2.160821	1.718515
-2.172737	1.700979
-2.184517	1.683345
-2.196159	1.665614
-2.207666	1.647786
-2.219033	1.629863
-2.230262	1.611845
-2.241351	1.593733
-2.252298	1.575529
-2.263103	1.557233
-2.273766	1.538847
-2.284284	1.520371
-2.294659	1.501807
-2.304888	1.483155
-2.31497	1.464418
-2.324905	1.445595
-2.334693	1.426687
-2.344331	1.407698
-2.35382	1.388626
-2.363159	1.369473
-2.372346	1.35024
-2.38138	1.330928
-2.390263	1.311539
-2.398992	1.292073
-2.407566	1.272531
-2.415985	1.252916
-2.424248	1.233227
-2.432354	1.213467
-2.440302	1.193636
-2.448092	1.173734
-2.455724	1.153765
-2.463195	1.133729
-2.470505	1.113625
-2.477654	1.093459
-2.484641	1.073228
-2.491466	1.052934
-2.498127	1.03258
-2.504623	1.012165
-2.510955	0.991692
-2.517123	0.971162
-2.523123	0.950574
-2.528957	0.929932
-2.534623	0.909238
-2.540121	0.88849
-2.545451	0.867691
-2.550611	0.846844
-2.555601	0.825947
-2.56042	0.805004
-2.565068	0.784016
-2.569544	0.762982
-2.573848	0.741905
-2.57798	0.720788
-2.581938	0.69963
-2.585722	0.678432
-2.589332	0.657199
-2.592766	0.635928
-2.596025	0.614622
-2.599108	0.593284
-2.602015	0.571914
-2.604745	0.550512
-2.607298	0.529083
-2.609673	0.507626
-2.611869	0.486141
-2.613887	0.464633
-2.615726	0.443102
-2.617384	0.421547
-2.618863	0.399973
-2.620161	0.378381
-2.621279	0.35677
-2.622215	0.335143
-2.62297	0.313503
-2.623543	0.291849
-2.623934	0.270184
-2.624142	0.248509
-2.624167	0.226825
-2.624009	0.205134
-2.623667	0.183438
-2.623142	0.161738
-2.622432	0.140035
-2.621538	0.118331
-2.62046	0.096629
-2.619196	0.074928
-2.617747	0.053232
-2.616113	0.031542
-2.614294	0.009858
-2.612289	-0.011818
-2.610098	-0.033483
-2.607721	-0.055136
-2.605157	-0.076777
-2.602407	-0.098401
-2.599472	-0.12001
-2.596349	-0.141601
-2.59304	-0.163171
-2.589544	-0.18472
-2.585862	-0.206246
-2.581992	-0.227747
-2.577935	-0.249222
-2.573691	-0.270669
-2.569261	-0.292087
-2.564643	-0.313473
-2.559839	-0.334826
-2.554847	-0.356145
-2.549669	-0.377427
-2.544303	-0.398672
-2.53875	-0.419877
-2.533011	-0.44104
-2.527086	-0.462162
-2.520973	-0.483238
-2.514675	-0.504267
-2.508189	-0.52525
-2.501518	-0.546182
-2.494662	-0.567062
-2.48762	-0.58789
-2.480391	-0.608663
-2.472978	-0.629379
-2.46538	-0.650037
-2.457597	-0.670635
-2.449629	-0.691171
-2.441477	-0.711645
-2.433141	-0.732052
-2.424622	-0.752393
-2.415919	-0.772666
-2.407033	-0.792868
-2.397965	-0.812998
-2.388714	-0.833055
-2.379281	-0.853035
-2.369667	-0.87294
-2.359872	-0.892765
-2.349896	-0.912509
-2.339741	-0.932172
-2.329405	-0.951749
-2.318891	-0.971241
-2.308198	-0.990646
-2.297326	-1.009961
-2.286277	-1.029185
-2.275051	-1.048316
-2.263649	-1.067352
-2.252071	-1.086293
-2.240317	-1.105134
-2.228389	-1.123878
-2.216287	-1.142519
-2.204012	-1.161057
-2.191563	-1.179491
-2.178943	-1.197817
-2.166152	-1.216036
-2.15319	-1.234144
-2.140058	-1.25214
-2.126757	-1.270023
-2.113288	-1.28779
-2.099652	-1.305441
-2.085848	-1.322971
-2.071879	-1.340383
-2.057745	-1.357671
-2.043447	-1.374836
-2.028985	-1.391876
-2.014361	-1.408788
-1.999576	-1.425572
-1.98463	-1.442224
-1.969525	-1.458745
-1.954262	-1.475131
-1.938841	-1.491382
-1.907531	-1.523468
-1.891643	-1.5393
-1.875603	-1.554991
-1.859409	-1.570536
-1.843065	-1.585936
-1.826571	-1.601188
-1.809928	-1.616293
-1.793137	-1.631245
-1.776199	-1.646046
-1.759116	-1.660692
-1.741889	-1.675183
-1.724519	-1.689516
-1.707007	-1.703691
-1.689356	-1.717705
-1.671564	-1.731556
-1.653636	-1.745245
-1.635571	-1.758767
-1.617371	-1.772123
-1.599037	-1.78531
-1.580571	-1.798327
-1.561975	-1.811173
-1.543248	-1.823845
-1.524394	-1.836343
-1.505413	-1.848665
-1.486307	-1.860809
-1.467078	-1.872774
-1.447726	-1.884558
-1.428254	-1.896159
-1.408664	-1.907578
-1.388956	-1.91881
-1.369132	-1.929856
-1.349195	-1.940714
-1.329144	-1.951383
-1.308984	-1.96186
-1.288714	-1.972145
-1.268337	-1.982236
-1.247854	-1.992132
-1.227267	-2.001831
-1.206578	-2.011333
-1.185789	-2.020635
-1.1649	-2.029736
-1.143915	-2.038636
-1.122835	-2.047332
-1.101662	-2.055823
-1.080398	-2.064109
-1.059044	-2.072187
-1.037603	-2.080056
-1.016076	-2.087716
-0.994466	-2.095165
-0.972774	-2.102402
-0.951002	-2.109425
-0.929153	-2.116234
-0.907228	-2.122827
-0.88523	-2.129203
-0.86316	-2.135361
-0.841021	-2.1413
-0.818814	-2.147018
-0.796542	-2.152515
-0.774208	-2.15779
-0.751812	-2.162841
-0.729357	-2.167667
-0.706846	-2.172267
-0.68428	-2.176641
-0.661662	-2.180788
-0.638994	-2.184706
-0.616279	-2.188394
-0.593517	-2.191852
-0.570712	-2.195079
-0.547868	-2.198073
-0.524984	-2.200835
-0.502064	-2.203362
-0.47911	-2.205655
-0.456126	-2.207712
-0.433111	-2.209534
-0.41007	-2.211118
-0.387005	-2.212464
-0.363919	-2.213572
-0.340812	-2.214441
-0.317688	-2.21507
-0.294551	-2.215459
-0.271402	-2.215606
-0.248242	-2.215512
-0.225076	-2.215175
-0.201907	-2.214595
-0.178735	-2.213772
-0.155564	-2.212706
-0.132396	-2.211395
-0.109236	-2.209839
-0.086083	-2.208038
-0.062942	-2.205991
-0.039814	-2.203698
-0.016705	-2.201159
0.006386	-2.198373
0.029456	-2.19534
0.052499	-2.19206
0.075515	-2.188532
0.098502	-2.184756
0.121456	-2.180733
0.144373	-2.176461
0.167252	-2.17194
0.19009	-2.167172
0.212885	-2.162154
0.23563	-2.156888
0.258328	-2.151374
0.280973	-2.145612
0.303563	-2.1396
0.326093	-2.13334
0.348563	-2.126832
0.37097	-2.120076
0.393308	-2.113072
0.415578	-2.10582
0.437775	-2.09832
0.459896	-2.090574
0.481939	-2.082581
0.5039	-2.07434
0.525778	-2.065854
0.547567	-2.057122
0.569267	-2.048145
0.590874	-2.038922
0.612384	-2.029456
0.633795	-2.019746
0.655104	-2.009792
0.676308	-1.999596
0.697404	-1.989159
0.718389	-1.97848
0.739259	-1.96756
0.760013	-1.956401
0.780646	-1.945003
0.801156	-1.933366
0.821541	-1.921493
0.841796	-1.909383
0.861919	-1.897039
0.881907	-1.884459
0.901756	-1.871646
0.921465	-1.858601
0.941029	-1.845324
0.960445	-1.831819
0.979712	-1.818082
0.998826	-1.80412
1.017782	-1.789931
1.036581	-1.775516
1.055215	-1.760878
1.073685	-1.746017
1.091986	-1.730936
1.110116	-1.715635
1.128072	-1.700117
1.145849	-1.684381
1.163447	-1.668431
1.18086	-1.652268
1.198088	-1.635893
1.215126	-1.619308
1.231972	-1.602515
1.248622	-1.585517
1.265074	-1.568313
1.281325	-1.550908
1.297371	-1.533301
1.313211	-1.515497
1.32884	-1.497495
1.344257	-1.479299
1.359457	-1.460912
1.374439	-1.442332
1.389199	-1.423567
1.403735	-1.404614
1.418044	-1.385479
1.432121	-1.366163
1.445967	-1.346666
1.459576	-1.326996
1.472948	-1.307149
1.486076	-1.287132
1.498962	-1.266947
1.5116	-1.246595
1.523989	-1.226079
1.536126	-1.205404
1.548007	-1.184569
1.559632	-1.16358
1.570997	-1.142439
1.582097	-1.121147
1.592934	-1.099709
1.603502	-1.078129
1.613798	-1.056407
1.623824	-1.034547
1.633573	-1.012554
1.643043	-0.990429
1.652234	-0.968176
1.661143	-0.945798
1.669765	-0.9233
1.6781	-0.900683
1.686147	-0.877951
1.693901	-0.855109
1.70136	-0.832159
1.708522	-0.809105
1.715387	-0.78595
1.721951	-0.762699
1.728211	-0.739354
1.734166	-0.71592
1.739814	-0.6924
1.745153	-0.668799
1.750182	-0.64512
1.754897	-0.621366
1.759298	-0.597542
1.763381	-0.573653
1.767146	-0.549702
1.770591	-0.525693
1.773714	-0.501631
1.776514	-0.477519
1.778989	-0.453361
1.781138	-0.429163
1.782958	-0.404928
1.784448	-0.380661
1.785608	-0.356366
1.786435	-0.332047
1.786929	-0.30771
1.787088	-0.283358
1.786911	-0.258997
1.786397	-0.234631
1.785545	-0.210264
1.784354	-0.185902
1.782823	-0.161549
1.78095	-0.13721
1.778736	-0.11289
1.776178	-0.088593
1.773278	-0.064326
1.770034	-0.040091
1.766445	-0.015895
1.762511	0.008256
1.758232	0.032359
1.753606	0.056408
1.748634	0.080399
1.743314	0.104325
1.737648	0.128182
1.731635	0.151964
1.725276	0.175666
1.718569	0.199282
1.711515	0.222808
1.704115	0.246238
1.696369	0.269566
1.688277	0.292787
1.679839	0.315896
1.671057	0.338886
1.661931	0.361753
1.652461	0.38449
1.642648	0.407094
1.632495	0.429556
1.622	0.451872
1.611165	0.474037
1.599993	0.496044
1.588483	0.517888
1.576638	0.539563
1.564458	0.561064
1.551945	0.582385
1.539102	0.603517
1.525928	0.62446
1.512427	0.645204
1.498601	0.665744
1.48445	0.686075
1.46998	0.706191
1.455188	0.726084
1.440082	0.745752
1.42466	0.765187
1.408927	0.784382
1.392884	0.803333
1.376537	0.822032
1.359884	0.840477
1.342933	0.858658
1.325684	0.876571
1.308142	0.89421
1.290309	0.911569
1.272189	0.928643
1.253787	0.945424
1.235105	0.961909
1.216148	0.978089
1.196919	0.993962
1.177421	1.009519
1.157664	1.024756
1.137644	1.039667
1.117373	1.054246
1.096852	1.068488
1.076085	1.082386
1.055079	1.095937
1.033839	1.109133
1.012369	1.12197
0.990674	1.134441
0.968762	1.146542
0.946636	1.158269
0.924302	1.169613
0.901768	1.180573
0.879037	1.191141
0.856117	1.201312
0.833015	1.211082
0.809736	1.220446
0.786288	1.229398
0.762676	1.237935
0.738908	1.246051
0.714991	1.253741
0.690932	1.261001
0.666739	1.267827
0.642418	1.274214
0.617977	1.280157
0.593425	1.285653
0.56877	1.290697
0.544019	1.295285
0.519181	1.299414
0.494263	1.303079
0.469276	1.306277
0.444226	1.309004
0.419123	1.311257
0.393977	1.313033
0.368796	1.314328
0.343589	1.315141
0.318366	1.315468
0.293135	1.315306
0.267908	1.314653
0.242695	1.313508
0.217506	1.311867
0.192348	1.30973
0.167232	1.307094
0.142171	1.303958
0.117177	1.300321
0.092256	1.296181
0.067421	1.291536
0.042682	1.286388
0.018053	1.280736
-0.006456	1.274579
-0.030836	1.267917
-0.055074	1.260751
-0.079155	1.253079
-0.10307	1.244906
-0.126811	1.236231
-0.150361	1.227054
-0.173706	1.217379
-0.196838	1.207207
-0.219747	1.19654
-0.242414	1.18538
-0.264828	1.173732
-0.286983	1.161596
-0.308861	1.148977
-0.330447	1.135879
-0.351734	1.122305
-0.372707	1.108261
-0.39335	1.093748
-0.413658	1.078777
-0.43361	1.063347
-0.453197	1.04747
-0.472407	1.031147
-0.491223	1.014388
-0.509639	0.997199
-0.527635	0.979586
-0.545203	0.961561
-0.562328	0.943128
-0.578997	0.924299
-0.5952	0.905082
-0.610921	0.885486
-0.626152	0.865524
-0.640875	0.845204
-0.655083	0.824538
-0.66876	0.803541
-0.681896	0.782219
-0.694481	0.76059
-0.7065	0.738666
-0.717945	0.716458
-0.728802	0.693982
-0.739063	0.671256
-0.748717	0.64829
-0.757751	0.6251
-0.766159	0.601707
-0.773933	0.578126
-0.781058	0.554367
-0.787528	0.530454
-0.793337	0.506411
-0.798475	0.482246
-0.802936	0.457977
-0.806713	0.433636
-0.8098	0.409239
-0.81219	0.384796
-0.813878	0.360336
-0.814861	0.335889
-0.815136	0.311465
-0.814699	0.287085
-0.813549	0.262781
-0.811684	0.238575
-0.809104	0.214484
-0.805808	0.190534
-0.8018	0.166756
-0.79708	0.143171
-0.791651	0.119796
-0.78552	0.096666
-0.77869	0.073809
-0.771165	0.051238
-0.762955	0.028985
-0.754069	0.007087
-0.744516	-0.014451
-0.734304	-0.035593
-0.723448	-0.056304
-0.711967	-0.076584
-0.699861	-0.096376
-0.68716	-0.115686
-0.673875	-0.134467
-0.660018	-0.152702
-0.645625	-0.170377
-0.630695	-0.187453
-0.615271	-0.203919
-0.599362	-0.219751
-0.582995	-0.234919
-0.5662	-0.249423
-0.548993	-0.263217
-0.531414	-0.27631
-0.513485	-0.288672
-0.495228	-0.300283
-0.476692	-0.311143
-0.457888	-0.321228
-0.438871	-0.330535
-0.419652	-0.339046
-0.4003	-0.346768
-0.380814	-0.353685
-0.361261	-0.359799
-0.34166	-0.365104
-0.322062	-0.369601
-0.302499	-0.373297
-0.283003	-0.376185
-0.263634	-0.378286
-0.244393	-0.379582
-0.22537	-0.380117
-0.18799	-0.378862
-0.169724	-0.377102
-0.151761	-0.374614
-0.134224	-0.371425
-0.116949	-0.367517
-0.100221	-0.362973
-0.083859	-0.357749
-0.067905	-0.351943
-0.052541	-0.345527
-0.03757	-0.338562
-0.023148	-0.331123
-0.009336	-0.323181
0.00402	-0.314885
0.016841	-0.306243
0.028994	-0.297108
0.040543	-0.287605
0.051573	-0.277845
0.061847	-0.267831
0.071412	-0.257495
0.080142	-0.246936
0.088249	-0.236207
0.095667	-0.225457
0.102308	-0.214591
0.113738	-0.192592
0.118479	-0.181685
0.122493	-0.170779
0.125887	-0.159928
0.12879	-0.149256
0.131177	-0.138699
0.13294	-0.12828
0.13417	-0.118099
0.134984	-0.108253
0.135327	-0.098597
0.135135	-0.08911
0.134522	-0.079928
0.133542	-0.071158
0.132219	-0.062729
0.126048	-0.039213
0.123437	-0.032203
0.120585	-0.025627
0.117507	-0.019377
0.114425	-0.01342
